   40.3793  -20.4193         0         0         0         0         0         0         0   -9.8100         0         0
   21.4193   40.3793         0         0         0         0         0         0         0         0         0         0
         0         0   40.3793  -20.4193         0         0         0    9.8100         0         0         0         0
         0         0   21.4193   40.3793         0         0         0         0         0         0         0         0
   -0.0000    0.0000   -0.0000   -0.0000  144.4333   -9.8100   -0.0000   -0.0000    0.0000    0.0000    0.0000    0.0000
         0         0         0         0    1.0000  159.9443         0         0         0         0         0         0
    0.0000    0.0000  -21.6964   -4.3180    0.0000   -0.0000   53.9155 -513.0221    0.0000   -0.0000    0.0000   -0.0000
         0         0         0         0         0         0    1.0000   34.2507         0         0         0         0
   21.6944    4.3180   -0.0000   -0.0000   -0.0000   -0.0000    0.0000    0.0000  -16.2748 -512.9224   -0.0000   -0.0000
         0         0         0         0         0         0         0         0    1.0000   24.0360         0         0
   -0.0000   -0.0000    0.0000    0.0000    0.0000   -0.0000   -0.0000    0.0000    0.0000    0.0000   21.1965   -3.5368
         0         0         0         0         0         0         0         0         0         0    1.0000   24.2073
